7020940852
9850827088
9850123709
9324600300
9136050720
9769284545
9820027540
9967050720
9867052040
9820892359
9619564545
9819277988
9833985272
9152580999
9819585511
7506637763
7030300347
9049739906
9822931266
9922739906
7841879636
7304903570
8788753170
9075651046
8087782298
9049817603
9011963981
7507731616
9284141431
9967013998
9860126689
8369664470
9920519766
9172627887
9702056920
9821320746
9867607032
9769698480
9321277407
9819358587
9930893695
9967015010
8097015010
7021778377
9819737546
9594116688
7506256688
9769265208
9769466251
9833875740
9326969776
8879850606
8108508715
8080739850
9619681456
8286993297
8898892900
8898381849
8850280214
9967069900
7021969300
9326119161
9920849308
9833397215
8080050127
9423376030
7770029740
8459224665
9370218187
9370262663
8856967605
8237785551
9423893073
9657070164
9689886264
9689899863
9372414794
9372073570
9552557284
8956035803
8668973939
9561898431
9920517151
9930395480
9773551523
8108707467
8422013876
9702446680
8369941369
9819122412
9870945400
9820466451
9029818670
8425916244
8425912443
7738881015
9833044388
7718815555
7718815551
9427234016
9594483820
9930331454
8097857850
8108456333
9322256333
8108756333
8898044676
7208192709
9967283995
9867471335
7226964997
9594048177
9773000580
9322767304
8693019101
9594250521
9594462695
9768303990
8767357799
7718901132
9228170436
9879671696
7201892012
9969450766
8879671743
7719084877
9594077277
8976616467
9326725350
9029811919
8879584405
8779096170
9825221574
9376654870
9320058300
9930415384
9653321034
9594775099
8689881587
9224263902
9833385340
9819368169
9819696499
9769189998
8080731221
8097735714
9969174270
9967624417
9869834417
9819894417
9167448917
8097467598
9222834417
8591954417
9082150686
9004888150
9004993785
8451931559
9819284885
9223242149
8652214080
9323263808
9321995880
9920897689
8080111327
7666766629
7666298325
9833453354
9167854502
9930600930
9969301660
9969984160
9819907055
9870826282
8369156323
9833763457
9320421340
9820421340
7304796134
9313753906
9323916556
9320005115
9322710605
9322222480
9022222480
9321205665
9321239751
9833696732
7039448045
9022845289
8104880761
8108014995
9702999909
9702880099
9930380033
9320007962
9322291916
9930991920
9322291920
9930903933
9920137582
9819019970
7066041669
8779166065
8097758892
9483746850
9923058997
9821731546
9820544409
9769157795
7990034300
9324376988
9820313922
9867603615
9833667738
9920432199
9920803092
7304022321
9820444380
9082585026
9594333427
9819008406
9022904880
7738623881
9867558272
9326876063
9820398727
8104251223
9892768311
8652081920
9820888087
9819238803
9082786101
9082256738
9920803091
9323513502
7666051810
9326198065
9082499891
9892176001
9967414449
9867984461
8433702101
9372323309
9820436781
8849827371
8451932076
8928346052
9820594959
9819231232
9820487675
7666973456
9022788350
7045247060
9892858555
9320002109
9029919500
9029590044
8097185034
9224226700
8080433939
9321434040
9867062526
9819112955
9757102966
7021725045
9321578416
9321178416
9321078416
9099333320
9742867072
7066041660
9987766796
7021623269
8080809398
9930339313
9820336049
8108740560
9702199991
7021040560
9833983608
9869558848
9029876123
8169287535
9699565720
9867434479
9224733777
9769367007
8369525061
9737222618
8104429842
9930916515
9321148641
9320005788
9321620444
8169539438
9082543680
8291540756
8655866897
9619208878
9987587294
9821255033
9821127200
9611735842
9320256533
8070524440
9004940013
8652831313
9702028095
8689889909
9867323281
9594638669
9082978937
9167038081
9702666602
9619997455
9930077455
9930127455
9579142992
9579147810
8087434987
8652030227
8169140945
8452908894
9004522720
9773578420
7977195486
8766795843
9029745353
8169501551
9322255310
9321207989
9209953876
9930002932
8928223118
9326881913
8779577075
9819520334
8369474470
9372171296
9969808320
9821130884
9773922449
9975727307
9405651556
9819640049
8655260209
8655383022
9870787500
9769556977
8591921908
9819871096
9082430356
9819870960
7666911483
8652794977
9833423643
9819406362
9321747675
9594089766
9892745537
9702864839
7666778349
7046523225
9820553926
8104133263
9820768635
9769486012
9702393739
9702394539
7738006677
7738566677
9594076677
9594936677
9594006677
9833720162
9082348575
8850262260
8080111440
7666447570
7666493525
7039024839
8879465126
9819942143
8850376894
9221880016
9869214197
9820084197
8424974197
9819321040
8425845440
9702225440
7021164236
8779794141
8355884606
9769645568
9967225060
8286234029
8450985507
9820181501
9869074175
9930126658
9820337150
9820047150
9619111496
7738890111
9820337157
7507329000
9820748721
9320048721
9930943133
9820076103
9820076403
9372065482
7666188060
7984638936
9320863163
7506296709
9769140090
9321122288
9372996044
9819612155
9820313926
9769338331
7400278740
7666288399
9321958276
9867040474
8898341151
9892955677
9892522775
7738885677
9969727683
9106929808
9869062486
9819862486
9820071607
7045503170
9321774191
9821590005
9320590005
8655590005
9320458132
8080981433
9768558764
8767994655
9324783975
7021684468
9702222444
9869845071
9702212222
9930447746
9321398758
8141487924
9067574931
8928060991
9664234184
9769616654
9029832283
9223233489
8080554545
8655078645
9224199886
9137252192
8976452882
9372081988
9833467405
9082026473
9324552354
9869122607
9987755599
9029916969
8849325395
9930923464
9323660399
7666766639
9594957284
9819474238
8779815144
8080488366
9998444962
9820216044
8080488450
9029119711
7666303556
9920172885
9082260804
8657118665
8108106393
9819715634
9867144666
9819099023
9920185665
9819163904
8082551551
9867678489
9969532424
9326658809
9136388981
8080554343
9322656103
7021706290
9765669647
8879379199
9172342799
9512512742
7666636482
9054383283
9967675076
9702228702
9768063446
9869615187
9920769989
8080815888
8779786830
9920745367
8879596046
9137683007
9702299299
8422092404
7506032206
9833328828
9323234664
9819278568
9833628558
9869104614
9702653614
8879170650
9967799880
9892567920
9820125897
9820058300
9904230519
9819304197
9930094191
9619426717
9324742139
9920353339
9323395533
9322449939
8805512837
8080008817
9699460337
9322599005
9821369689
9870890644
9833361725
7977813116
9869189001
9821520010
8082477866
9769060170
9833151380
9769466522
9920070160
7738777736
9082108752
8779212964
8850746745
9820002233
9221043333
9869541883
9223242142
9029802020
9702838383
9892933383
9702202222
7066451369
9769146156
9819421358
8692821357
9869861552
9930731129
9920972762
8080865628
8655274753
9869404149
9869914477
9029808954
9137453038
9146817571
9579403570
8766923246
9284796673
9664567521
7507353780
7069882250
9321191182
9137208862
9284619212
9970602314
9423379220
8208914805
7972727026
7620251459
9011049471
9011049473
9011049474
9822052878
9420696793
9890455111
9156444981
9371319432
9579249719
9890507228
9860676967
9823067219
9850976705
7588229444
9420696794
9975017688
9371000283
9371015333
9325559059
9823057284
9370657284
9822194577
9860274577
9822004266
9890763637
8087001500
9860603846
9822058701
9881235361
9394069463
8554072885
9552579543
9552579542
9898960114
9420732791
8007624787
7798971450
9538165481
9321357237
9890812704
9421905753
7620992336
9890504341
9890156763
9325428210
8208872934
9834235170
8830348959
7498423470
9529442241
9767745956
9689186517
9579167633
9049817603
9011963981
7507731616
9284141431
9967013998
9860126689
9987034671
8369664470
9920519766
9172627887
9054060075
9702056920
9821320746
9867607032
9769698480
9321277407
9819358587
9930893695
9967015010
8097015010
7021778377
9819737546
9594116688
7506256688
9769265208
9769466251
9833875740
9326969776
8879850606
8108508715
8080739850
9619681456
8286993297
8898892900
8898381849
8850280214
9967069900
7021969300
9326119161
9920849308
9833397215
8080050127
9423376030
7770029740
8459224665
9370218187
9370262663
8856967605
8237785551
9423893073
9657070164
9689886264
9689899863
9372414794
9372073570
9552557284
8956035803
8668973939
9561898431
9920517151
9930395480
9773551523
8108707467
8422013876
9702446680
8369941369
9819122412
9870945400
9820466451
9029818670
8425916244
8425912443
7738881015
9833044388
7718815555
7718815551
9427234016
9594483820
9930331454
8097857850
8108456333
9322256333
8108756333
8898044676
7208192709
9967283995
9867471335
7226964997
9594048177
9773000580
9322767304
8693019101
9594250521
9594462695
9768303990
8767357799
7718901132
8758665270
9228170436
9879671696
7201892012
9969450766
8879671743
7719084877
9594077277
8976616467
9326725350
9022663866
9029811919
8879584405
8779096170
9825221574
9376654870
9320058300
9930415384
9653321034
9594775099
8689881587
9224263902
9833385340
9819368169
9819696499
9769189998
8080731221
8097735714
9969174270
9967624417
9869834417
9819894417
9167448917
8097467598
9222834417
8591954417
9082150686
9004888150
9004993785
8451931559
9819284885
9223242149
8652214080
9323263808
9321995880
9920897689
8080111327
7666766629
7666298325
9833453354
9167854502
9930600930
9969301660
9969984160
9819907055
9870826282
8369156323
9833763457
9320421340
9820421340
7304796134
9313753906
9323916556
9320005115
9322710605
9322222480
9022222480
9321205665
9321239751
9833696732
7039448045
9022845289
8104880761
8108014995
9702999909
9702880099
9930380033
9320007962
9322291916
9930991920
9322291920
9930903933
9920137582
9819019970
7066041669
8779166065
8097758892
9483746850
9923058997
9821731546
9820544409
9769157795
7990034300
9324376988
9820313922
9867603615
9833667738
9920432199
9920803092
7304022321
9820444380
9082585026
9594333427
9819008406
9022904880
9324524363
7738623881
9867558272
9326876063
9820398727
8104251223
9892768311
8652081920
9820888087
9819238803
9082786101
9082256738
9920803091
9920803098
9323513502
7666051810
9326198065
9082499891
9892176001
9967414449
9867984461
8433702101
9372323309
9820436781
8849827371
8451932076
8928346052
9820594959
9819231232
9820487675
7666973456
9022788350
7045247060
9892858555
9320002109
9029919500
9029590044
8097185034
9224226700
8080433939
9833577605
9321434040
9867062526
9819112955
9757102966
7021725045
9321578416
9321178416
9321078416
9099333320
9742867072
7066041660
9833768171
9987766796
7021623269
8080809398
9930339313
9820336049
8108740560
9702199991
7021040560
9833983608
9869558848
9029876123
8169287535
9699565720
9867434479
9224733777
9769367007
8369525061
9737222618
8104429842
9930916515
9321148641
9320005788
9321620444
8169539438
9082543680
8291540756
8655866897
9619208878
9987587294
9821255033
9821127200
9611735842
9320256533
9322256533
8070524440
9004940013
8879057551
8652831313
9702028095
8689889909
9867323281
9594638669
9082978937
9167038081
9702666602
9619997455
9930077455
9930127455
9579142992
9579147810
8087434987
8652030227
8169140945
8452908894
9004522720
9773578420
7977195486
8766795843
9029745353
8169501551
9322255310
9321207989
9209953876
9930002932
8928223118
9326881913
8779577075
9819520334
8369474470
9372171296
9969808320
9821130884
9773922449
9975727307
9405651556
9819640049
8655260209
9892860286
8655383022
9870787500
9769556977
8591921908
9819871096
9082430356
9819870960
7666911483
8652794977
9833423643
9819406362
9321747675
9594089766
9892745537
9702864839
7666778349
7046523225
9820553926
8104133263
9820768635
9769486012
9702393739
9702394539
7738006677
7738566677
9594076677
9594936677
9594006677
9833720162
9320588408
9082348575
8850262260
8080111440
7666447570
7666493525
7039024839
8879465126
9029414444
9819942143
9653175083
8850376894
9221880016
9029873995
9869214197
9820084197
8424974197
9653363620
9819321040
9594054040
8425845440
9702225440
7021164236
9224303026
8779794141
8355884606
9769645568
9967225060
8286234029
8450985507
9820181501
9224685005
9869074175
9930126658
9820337150
9820047150
9619111496
7738890111
9820337157
7507329000
9820748721
9320048721
9930943133
9820076103
9820076403
9372065482
7666188060
7984638936
7600187767
9320863163
7506296709
9769140090
9321122288
9372996044
9819612155
9820313926
9769338331
7400278740
7666288399
9321958276
9867040474
8898341151
9892955677
9892522775
7738885677
9969727683
9106929808
9869062486
9819862486
9820071607
7045503170
9321774191
9821590005
9320590005
8655590005
9320458132
9322762277
8080981433
9768558764
8767994655
9324783975
7021684468
9702222444
9869845071
9702212222
9930447746
9321398758
8141487924
8928060991
9664234184
9769616654
9029832283
9223233489
8080554545
9322656161
8655078645
9224199886
7208881202
9137252192
8976452882
9372081988
9833467405
9082026473
9324552354
9869122607
9987755599
9029916969
8849325395
9930923464
9323660399
7666766639
9594957284
9819474238
8779815144
8080488366
9998444962
9820216044
8080488450
9029119711
7666303556
9920172885
9082260804
8657118665
8108106393
9819715634
9867144666
9819017306
9819099023
9920185665
9819163904
8082551551
9867678489
9969532424
9326658809
9136388981
8080554343
8692032898
9322656103
7021706290
9765669647
8879379199
9172342799
9512512742
7666636482
9054383283
9967675076
9702228702
9768063446
9869615187
9920769989
8080815888
8779786830
9920745367
8879596046
9137683007
9702299299
9223377287
8422092404
7506032206
9833328828
9323234664
9819278568
9833628558
9869104614
9769609909
9702653614
8879170650
9967799880
9892567920
9820125897
9820025897
9820058300
9904230519
9819304197
9930094191
9619426717
9324742139
9920353339
9323395533
9322449939
8805512837
8080008817
9699460337
9322599005
9821369689
9870890644
9833361725
7977813116
9869189001
9821520010
8082477866
9769060170
9833151380
9769466522
9920070160
7738777736
9082108752
8779212964
8850746745
9820002233
9221043333
9869541883
9223242142
9029802020
9223242143
9702838383
9892933383
9702202222
7066451369
9769146156
9819421358
8692821357
9869861552
9930731129
9920972762
8080865628
8655274753
9869404149
9869914477
9029808954
9137453038
9146817571
9579403570
8766923246
9284796673
9664567521
7507353780
7069882250
9321191182
9137208862
9284619212
9970602314
9423379220
8208914805
7972727026
7620251459
9011049471
9011049473
9011049474
9822052878
9420696793
9890455111
9156444981
9371319432
9579249719
9890507228
9860676967
9823067219
9850976705
7588229444
9420696794
9975017688
9371000283
9371015333
9325559059
9823057284
9370657284
9822194577
9860274577
9822004266
9890763637
9860603846
9822058701
9881235361
9394069463
8554072885
9552579543
9552579542
9898960114
9420732791
7798826164
8007624787
7798971450
9538165481
9321357237
9890812704
9421905753
7620992336
9890504341
7028026494
9890156763
9325428210
8208872934
9834235170
8830348959
7498423470
9529442241
9767745956
9689186517
9579167633
7020940852
9850827088
9850123709
9324600300
9136050720
9769284545
9820027540
9967050720
9867052040
9820892359
9619564545
9819277988
9833985272
9152580999
9819585511
7506637763
7030300347
9049739906
9822931266
9922739906
7841879636
7304903570
8788753170
9075651046
8087782298